91.9
27.1
20.5
27.7
13.4
48.6
60.6
48.5
80.2
70.4
28.4
29.8
5.4
17.7
31.7
17.9
62.6
58.3
88.4
35.1
60.2
81.1
92.4
25.5
29.4
32.1
18.5
28.8
85.3
39.6
67.4
6.6
43.1
31.2
24.2
27.8
64.7
45.8
13.0
18.8
79.5
86.8
63.6
42.5
44.4
47.5
17.1
98.3
10.7
51.7
22.4
26.9
20.4
32.0
40.1
15.6
59.9
58.2
29.0
99.6
79.6
51.3
72.8
8.3
72.5
69.5
57.9
47.6
43.4
92.2
88.4
5.1
58.2
47.2
15.7
97.7
80.9
95.2
92.0
65.0
13.0
30.8
11.4
4.5
69.3
11.5
10.0
87.0
40.6
12.8
15.9
91.0
87.8
59.8
31.3
73.8
52.6
14.7
90.7
24.5
39.2
68.1
36.2
13.7
0.3
77.6
54.9
92.7
4.3
95.4
12.4
29.1
1.5
99.2
88.9
64.8
24.9
99.0
38.8
83.4
79.3
15.9
60.9
45.7
74.7
61.4
72.7
65.0
54.4
48.2
69.2
5.6
46.8
97.8
0.3
1.5
59.9
86.5
83.8
10.3
47.4
89.0
52.3
85.3
30.6
32.5
74.9
47.6
62.0
4.4
79.7
66.8
94.5
18.4
7.2
7.1
62.5
81.1
79.5
98.9
93.3
59.0
75.7
52.3
16.1
43.8
3.6
47.1
53.4
48.3
45.5
32.7
58.9
56.9
42.3
16.3
52.0
94.7
32.5
77.2
68.8
63.9
94.3
76.7
86.8
53.8
44.7
54.8
93.5
0.7
0.7
52.9
33.7
18.8
48.2
69.5
20.2
29.0
52.2
42.1
