96
105
75
117
72
100
51
62
76
86
93
89
102
64
34
73
62
95
79
80
51
71
30
114
116
84
38
90
61
90
109
74
85
70
70
67
112
39
56
87
78
56
37
56
87
67
69
44
83
104
46
112
52
53
94
89
70
71
106
86
117
96
106
107
91
83
84
64
61
77
73
91
30
64
90
38
94
96
33
81
56
67
72
71
64
58
113
42
32
33
67
103
56
94
93
31
94
84
63
91
86
105
108
99
77
111
105
91
88
65
97
32
106
61
84
36
40
71
120
118
35
57
112
55
37
76
74
109
117
68
59
74
62
114
117
62
117
32
116
111
45
83
74
66
93
115
73
36
114
49
50
66
72
65
89
81
45
61
87
57
88
96
47
100
117
91
111
40
67
70
87
120
56
57
40
64
31
120
101
91
106
40
39
62
74
32
31
88
75
63
104
35
68
117
107
68
103
116
66
117
88
113
37
95
34
61
107
78
35
70
39
59
102
90
33
98
50
85
61
97
117
46
70
44
75
55
106
75
48
72
115
59
55
85
82
43
91
76
36
68
80
54
57
109
53
85
67
33
36
39
69
67
70
93
70
61
103
43
72
107
97
85
110
105
37
39
77
75
105
42
97
116
54
98
94
78
45
58
80
93
60
57
96
60
71
79
33
90
114
66
108
78
69
119
70
77
85
106
32
116
76
36
66
81
112
37
120
47
94
107
48
69
65
58
52
38
45
116
62
32
117
103
85
102
69
116
103
34
76
100
113
120
119
32
35
63
49
105
53
53
72
54
101
34
103
95
105
34
105
52
49
67
32
83
56
94
91
36
67
62
116
112
120
43
46
92
37
63
89
75
73
99
66
63
50
75
109
118
89
31
101
115
60
45
104
66
92
48
35
33
47
98
53
94
73
37
88
83
62
84
115
96
62
112
46
74
38
109
98
64
54
33
104
58
68
50
66
46
112
91
68
108
64
106
47
49
77
51
38
85
107
100
115
59
95
51
33
46
83
81
61
57
51
72
56
113
44
95
46
31
75
101
60
44
107
68
83
69
116
80
90
54
86
73
69
61
114
100
69
68
54
37
82
79
108
105
97
94
105
46
92
96
77
57
91
51
77
37
93
80
32
98
58
108
86
90
38
40
110
53
84
88
48
103
96
49
99
85
41
113
112
34
118
56
60
105
50
74
110
117
90
82
51
119
71
74
70
33
68
40
96
49
57
47
31
97
35
35
47
79
108
108
112
103
100
59
40
59
104
108
76
58
84
89
63
72
90
73
119
66
36
75
63
119
38
108
91
43
91
103
84
92
95
52
86
51
54
101
83
31
84
37
59
93
40
75
84
36
112
120
38
55
105
40
86
66
51
113
85
31
118
77
52
64
48
72
33
110
62
94
56
40
45
44
55
101
34
76
41
119
83
65
104
48
69
52
102
58
38
81
86
60
59
100
86
42
76
70
114
99
66
63
59
106
113
109
55
35
78
55
46
96
51
40
114
38
35
48
56
104
65
73
58
78
94
51
88
74
117
40
47
56
80
93
114
78
74
81
75
107
111
41
67
51
119
37
49
119
119
95
49
32
79
74
87
44
88
106
116
50
103
35
99
86
92
85
90
33
92
53
57
55
81
72
76
88
110
54
40
108
97
77
105
41
68
54
49
109
33
98
45
42
106
114
34
101
63
84
102
100
54
76
118
77
35
107
57
97
45
82
64
63
54
71
78
76
66
87
46
39
73
71
41
101
95
113
81
41
65
77
95
91
56
45
79
100
56
73
73
114
81
58
49
31
117
65
84
115
44
38
44
81
69
59
67
62
37
76
82
96
108
78
93
96
44
92
41
119
65
44
57
52
84
88
96
57
93
47
104
109
120
85
38
51
43
82
74
78
90
91
37
72
113
33
73
93
71
58
117
32
39
70
73
104
36
33
64
102
103
114
80
112
70
52
74
60
36
48
101
70
83
106
94
78
52
33
109
92
97
47
118
32
70
119
96
89
43
100
102
101
31
32
37
47
101
55
31
50
112
74
120
114
81
58
40
111
32
55
83
79
83
108
114
105
39
112
108
52
35
115
62
105
67
41
66
43
114
107
99
67
60
49
54
53
52
33
105
72
54
85
111
100
118
95
110
68
69
91
44
111
110
61
115
102
98
33
114
89
77
73
70
66
106
33
52
53
77
90
107
51
84
100
113
90
46
83
35
77
83
59
36
100
87
109
54
75
72
110
86
39
84
61
60
64
70
106
63
38
76
88
108
85
107
109
60
67
59
53
56
47
